sector,power,industry,buildings,transport,agriculture,waste
2010,368.8,186.2,148.3,152.7,65.5,10.9
2011,366,183.3,127.3,154.8,66.2,10
2012,376.9,177.8,130.2,153.3,66,9.2
2013,382.7,178.3,139.8,157.4,66.9,8.4
2014,361.5,178.5,118.3,158.6,68.7,7.8
2015,349.4,185.9,124.1,161.5,68.6,7.2
2016,344.4,189.9,124.6,164.6,68.4,6.7
2017,322.7,195.5,122.4,167.4,67.2,6.3
2018,309.3,187.6,116.1,161.8,65.4,5.9
2019,257.6,182,121.4,163.7,64.6,5.4
2020,217.9,175.7,123.2,145.4,63.8,4.9
2021,245.1,183.3,118,146.8,62.7,4.5
2022,255.9,164.2,111.7,147.9,61.7,4.3
2023,,,,,,
2024,,,,,,
2025,,,,,,
2026,,,,,,
2027,,,,,,
2028,,,,,,
2029,,,,,,
2030,,,,,,
